50 0
10 1
0 0 -50 2
-10 -500 3
-50 500 4
-25 5
200 -500 6
7
25 -1000 8
25 9
-50 10
11
25 -1000 12
-50 -2000 13
-500 14
-2000 15
-50 -2000 16
50 -2000 17
100 18
50 1000 19
-50 -4000 20
100 1000 21
100 2000 22
25 2000 23
50 2000 24
-25 -4000 25
100 -2000 26
-50 -4000 27
0 100 1000 28
0 -50 1000 29
0 -100 1000 30
31
-150 -6000 32
-75 -3000 33
50 -750 34
200 35
-100 -3000 36
-50 3000 37
-100 -1000 38
200 -1500 39
-6000 40
100 6000 41
3000 42
-6000 43
-50 6000 44
-200 3000 45
-50 -6000 46
47
-100 -8000 48
200 4000 49
-100 8000 50
-100 4000 51
-100 -4000 52
200 -2000 53
-200 4000 54
100 55
200 -8000 56
-100 -4000 57
100 -4000 58
200 -2000 59
100 4000 60
-200 -4000 61
200 4000 62
63
-250 -10000 64
-250 -10000 65
125 5000 66
-250 -10000 67
125 5000 68
-125 -5000 69
-125 5000 70
-125 -10000 71
125 -5000 72
125 73
-250 10000 74
-125 75
250 5000 76
77
-500 10000 78
-500 -10000 79
-50 80
-50 -50 -100 81
-100 82
-150 -75 83
0 -75 84
50 75 85
50 -125 86
50 75 85
50 -125 86
50 75 85
50 -125 86
50 75 85
50 -125 86