5 8
5 8
7 7 5 8
5 0 8
5 0 8
5 8
5 0 8
8
5 0 8
5 8
5 8
8
5 0 8
5 0 8
0 8
0 8
5 0 8
5 0 8
5 8
5 0 8
5 0 8
5 0 8
5 0 8
5 0 8
5 0 8
5 0 8
5 0 8
5 0 8
7 5 0 8
7 5 0 8
7 5 0 8
8
5 0 8
5 0 8
5 0 8
5 8
5 0 8
5 0 8
5 0 8
5 0 8
0 8
5 0 8
0 8
0 8
5 0 8
5 0 8
5 0 8
8
5 0 8
5 0 8
5 0 8
5 0 8
5 0 8
5 0 8
5 0 8
5 8
5 0 8
5 0 8
5 0 8
5 0 8
5 0 8
5 0 8
5 0 8
8
5 0 8
5 0 8
5 0 8
5 0 8
5 0 8
5 0 8
5 0 8
5 0 8
5 0 8
5 8
5 0 8
5 8
5 0 8
8
5 0 8
5 0 8
3 8
3 4 8 8
4 8
4 5 8
7 5 8
4 5 8
4 5 8
4 5 8
4 5 8
4 5 8
4 5 8
4 5 8
4 5 8
4 5 8
4 5 8
4 5 8
4 4 5 8
5 8
4 5 8
4 5 8
9 5 8
0 10 8
0 10 8
8
0 10 8
8
8
0 10 8
0 10 8
8
11 8
8
8
0 10 8
8