0 0
1 0
0 1 0 0
3 0 0
0 0 0
0 0
0 0 0
1
0 0 0
0 0
0 0
1
0 0 0
0 0 0
0 0
0 0
0 0 0
0 0 0
0 0
0 0 0
0 0 0
0 0 0
0 0 0
0 0 0
0 0 0
0 0 0
0 0 0
0 0 0
0 0 0 0
0 0 0 0
0 0 0 0
1
0 0 0
0 0 0
0 0 0
0 0
0 0 0
0 0 0
0 0 0
0 0 0
0 0
0 0 0
0 0
0 0
0 0 0
0 0 0
0 0 0
1
0 0 0
0 0 0
0 0 0
0 0 0
0 0 0
0 0 0
0 0 0
0 0
0 0 0
0 0 0
0 0 0
0 0 0
0 0 0
0 0 0
0 0 0
1
0 0 0
0 0 0
0 0 0
0 0 0
0 0 0
0 0 0
0 0 0
0 0 0
0 0 0
0 0
0 0 0
0 0
0 0 0
1
0 0 0
0 0 0
0 0
0 0 0 0
0 0
0 0 0
0 0 0
0 0 0
0 0 0
1 1 0
1 1 0
2 2 0
2 2 0
3 3 0
3 3 0
0 0 0
0 0 0
1 1 0
1 0 1 0
0 0
0 0 0
0 0 0
0 0 0
0 10000 0
0 12000 0
0
0 10000 0
0
0
0 50000 0
0 60000 0
0
2 0
0
0
0 50000 0
0
0 100000 0
0 120000 0
0
4 0
0
0
0 100000 0
0 120000 0
0 0 0
0 1 0 0
0 0
0 1 2 0 0 0